0 0 800 500
0 650 800 200
0 900 800 400
1 1050 800 0
1 1100 800 0
0 1400 700 200
0 1650 800 250
0 1950 700 150
0 2150 600 250
0 2450 700 250
0 2600 250 1100
2 2600 300 0
1 2600 700 0
2 2650 300 0
0 2700 600 250
2 2700 300 0
2 2750 300 0
2 2800 300 0
2 2850 300 0
2 2900 300 0
2 2950 300 0
0 3000 500 200
2 3000 300 0
2 3050 300 0
2 3100 300 0
2 3150 300 0
2 3200 300 0
0 3250 600 250
2 3250 300 0
2 3300 300 0
1 3350 600 0
2 3350 300 0
1 3400 600 0
2 3400 300 0
2 3450 300 0
2 3500 300 0
0 3550 700 200
2 3550 300 0
2 3600 300 0
2 3650 300 0
0 3850 600 250
0 4150 700 250
1 4250 700 0
1 4300 700 0
0 4500 700 500