0 0 800 400
0 500 900 150
0 700 800 1000
1 900 800 0
1 950 800 0
0 1200 700 150
1 1200 800 0
1 1250 800 0
1 1300 800 0
0 1350 600 400
1 1500 600 0
1 1550 600 0
1 1600 600 0
1 1650 600 0
1 1700 600 0
2 1500 650 0
2 1550 650 0
2 1600 650 0
2 1650 650 0
2 1700 650 0
0 1800 900 100
0 1950 800 200
0 2150 700 200
0 2350 600 500
1 2600 600 0
1 2650 600 0
0 2950 500 150
0 3150 400 150
0 3350 300 150
0 3550 200 150
0 3700 400 400
1 3850 400 0
0 4100 600 200
1 4200 600 0 
1 4250 600 0
0 4350 700 650