0 900 0 100
0 900 50 100
0 900 100 100
0 900 150 100
0 900 200 100
0 900 250 100
0 900 700 100
0 900 750 100
0 900 800 100
0 900 850 100
0 900 900 100
0 900 950 100
0 900 1000 100
0 900 1050 100
0 1300 0 100
0 1300 50 100
0 1300 100 100
0 1300 150 100
0 1300 200 100
0 1300 250 100
0 1300 300 100
0 1300 750 100
0 1300 800 100
0 1300 850 100
0 1300 900 100
0 1300 950 100
0 1300 1000 100
0 1300 1050 100
0 1700 0 100
0 1700 50 100
0 1700 100 100
0 1700 150 100
0 1700 200 100
0 1700 250 100
0 1700 300 100
0 1700 350 100
0 1700 800 100
0 1700 850 100
0 1700 900 100
0 1700 950 100
0 1700 1000 100
0 1700 1050 100
0 2100 0 100
0 2100 50 100
0 2100 100 100
0 2100 150 100
0 2100 200 100
0 2100 250 100
0 2100 300 100
0 2100 750 100
0 2100 800 100
0 2100 850 100
0 2100 900 100
0 2100 950 100
0 2100 1000 100
0 2100 1050 100
0 2500 0 100
0 2500 50 100
0 2500 100 100
0 2500 150 100
0 2500 200 100
0 2500 250 100
0 2500 700 100
0 2500 750 100
0 2500 800 100
0 2500 850 100
0 2500 900 100
0 2500 950 100
0 2500 1000 100
0 2500 1050 100
0 2900 0 100
0 2900 50 100
0 2900 100 100
0 2900 150 100
0 2900 200 100
0 2900 650 100
0 2900 700 100
0 2900 750 100
0 2900 800 100
0 2900 850 100
0 2900 900 100
0 2900 950 100
0 2900 1000 100
0 2900 1050 100
0 3300 0 100
0 3300 50 100
0 3300 100 100
0 3300 150 100
0 3300 600 100
0 3300 650 100
0 3300 700 100
0 3300 750 100
0 3300 800 100
0 3300 850 100
0 3300 900 100
0 3300 950 100
0 3300 1000 100
0 3300 1050 100
0 3700 0 100
0 3700 50 100
0 3700 100 100
0 3700 150 100
0 3700 200 100
0 3700 650 100
0 3700 700 100
0 3700 750 100
0 3700 800 100
0 3700 850 100
0 3700 900 100
0 3700 950 100
0 3700 1000 100
0 3700 1050 100
0 4100 0 100
0 4100 50 100
0 4100 100 100
0 4100 150 100
0 4100 200 100
0 4100 250 100
0 4100 700 100
0 4100 750 100
0 4100 800 100
0 4100 850 100
0 4100 900 100
0 4100 950 100
0 4100 1000 100
0 4100 1050 100
5 4300 500 5
0 4300 700 500