0 0 800 500
4 500 650 0
0 750 0 120
0 750 200 120
0 750 700 120
0 750 1000 120
0 950 100 120
0 950 300 120
0 950 800 120
0 950 1100 120
0 1150 0 120
0 1150 400 120
0 1150 900 120
0 1350 200 120
0 1350 700 120
0 1350 1000 120
0 1550 0 120
0 1550 300 120
0 1550 800 120
0 1750 100 120
0 1750 600 120
0 1750 1100 120
0 1950 0 120
0 1950 400 120
0 1950 900 120
0 2150 200 120
0 2150 700 120
0 2150 1000 120
0 2350 0 120
0 2350 300 120
0 2350 800 120
0 2550 100 120
0 2550 1100 120
0 2750 0 120
0 2750 900 120
0 2950 700 120
0 2950 1000 120
0 3150 0 120
0 3150 800 120
0 3350 100 120
0 3350 600 120 
0 3350 1100 120
0 3550 0 120
0 3550 400 120
0 3550 900 120
0 3750 1000 120
0 3950 0 120
0 4150 100 120
0 4150 600 120
0 4150 1100 120
0 4500 800 500