0 900 0 100
0 900 50 100
0 900 100 100
0 900 150 100
0 900 200 100
0 900 250 100
0 900 300 100
0 900 350 100
0 900 750 100
0 900 800 100
0 900 850 100
0 900 900 100
0 900 950 100
0 900 1000 100
0 900 1050 100
0 1000 0 100
0 1000 50 100
0 1000 100 100
0 1000 150 100
0 1000 200 100
0 1000 250 100
0 1000 300 100
0 1000 700 100
0 1000 750 100
0 1000 800 100
0 1000 850 100
0 1000 900 100
0 1000 950 100
0 1000 1000 100
0 1000 1050 100
0 1100 0 100
0 1100 50 100
0 1100 100 100
0 1100 150 100
0 1100 200 100
0 1100 250 100
0 1100 650 100
0 1100 700 100
0 1100 750 100
0 1100 800 100
0 1100 850 100
0 1100 900 100
0 1100 950 100
0 1100 1000 100
0 1100 1050 100
0 1200 0 100
0 1200 50 100
0 1200 100 100
0 1200 150 100
0 1200 200 100
0 1200 600 100
0 1200 650 100
0 1200 700 100
0 1200 750 100
0 1200 800 100
0 1200 850 100
0 1200 900 100
0 1200 950 100
0 1200 1000 100
0 1200 1050 100
0 1300 0 100
0 1300 50 100
0 1300 100 100
0 1300 150 100
0 1300 550 100
0 1300 600 100
0 1300 650 100
0 1300 700 100
0 1300 750 100
0 1300 800 100
0 1300 850 100
0 1300 900 100
0 1300 950 100
0 1300 1000 100
0 1300 1050 100
0 1400 0 100
0 1400 50 100
0 1400 100 100
0 1400 500 100
0 1400 550 100
0 1400 600 100
0 1400 650 100
0 1400 700 100
0 1400 750 100
0 1400 800 100
0 1400 850 100
0 1400 900 100
0 1400 950 100
0 1400 1000 100
0 1400 1050 100
0 1500 0 100
0 1500 50 100
0 1500 450 100
0 1500 500 100
0 1500 550 100
0 1500 600 100
0 1500 650 100
0 1500 700 100
0 1500 750 100
0 1500 800 100
0 1500 850 100
0 1500 900 100
0 1500 950 100
0 1500 1000 100
0 1500 1050 100
0 1600 0 100
0 1600 50 100
0 1600 100 100
0 1600 500 100
0 1600 550 100
0 1600 600 100
0 1600 650 100
0 1600 700 100
0 1600 750 100
0 1600 800 100
0 1600 850 100
0 1600 900 100
0 1600 950 100
0 1600 1000 100
0 1600 1050 100
0 1700 0 100
0 1700 50 100
0 1700 100 100
0 1700 150 100
0 1700 550 100
0 1700 600 100
0 1700 650 100
0 1700 700 100
0 1700 750 100
0 1700 800 100
0 1700 850 100
0 1700 900 100
0 1700 950 100
0 1700 1000 100
0 1700 1050 100
0 1800 0 100
0 1800 50 100
0 1800 100 100
0 1800 150 100
0 1800 200 100
0 1800 600 100
0 1800 650 100
0 1800 700 100
0 1800 750 100
0 1800 800 100
0 1800 850 100
0 1800 900 100
0 1800 950 100
0 1800 1000 100
0 1800 1050 100
0 1900 0 100
0 1900 50 100
0 1900 100 100
0 1900 150 100
0 1900 200 100
0 1900 250 100
0 1900 650 100
0 1900 700 100
0 1900 750 100
0 1900 800 100
0 1900 850 100
0 1900 900 100
0 1900 950 100
0 1900 1000 100
0 1900 1050 100
0 2000 0 100
0 2000 50 100
0 2000 100 100
0 2000 150 100
0 2000 200 100
0 2000 250 100
0 2000 300 100
0 2000 700 100
0 2000 750 100
0 2000 800 100
0 2000 850 100
0 2000 900 100
0 2000 950 100
0 2000 1000 100
0 2000 1050 100
0 2100 0 100
0 2100 50 100
0 2100 100 100
0 2100 150 100
0 2100 200 100
0 2100 250 100
0 2100 300 100
0 2100 350 100
0 2100 750 100
0 2100 800 100
0 2100 850 100
0 2100 900 100
0 2100 950 100
0 2100 1000 100
0 2100 1050 100
0 2200 0 100
0 2200 50 100
0 2200 100 100
0 2200 150 100
0 2200 200 100
0 2200 250 100
0 2200 300 100
0 2200 350 100
0 2200 400 100
0 2200 800 100
0 2200 850 100
0 2200 900 100
0 2200 950 100
0 2200 1000 100
0 2200 1050 100
0 2300 0 100
0 2300 50 100
0 2300 100 100
0 2300 150 100
0 2300 200 100
0 2300 250 100
0 2300 300 100
0 2300 350 100
0 2300 400 100
0 2300 450 100
0 2300 850 100
0 2300 900 100
0 2300 950 100
0 2300 1000 100
0 2300 1050 100
0 2400 0 100
0 2400 50 100
0 2400 100 100
0 2400 150 100
0 2400 200 100
0 2400 250 100
0 2400 300 100
0 2400 350 100
0 2400 400 100
0 2400 450 100
0 2400 500 100
0 2400 900 100
0 2400 950 100
0 2400 1000 100
0 2400 1050 100
0 2500 0 100
0 2500 50 100
0 2500 100 100
0 2500 150 100
0 2500 200 100
0 2500 250 100
0 2500 300 100
0 2500 350 100
0 2500 400 100
0 2500 450 100
0 2500 850 100
0 2500 900 100
0 2500 950 100
0 2500 1000 100
0 2500 1050 100
0 2600 0 100
0 2600 50 100
0 2600 100 100
0 2600 150 100
0 2600 200 100
0 2600 250 100
0 2600 300 100
0 2600 350 100
0 2600 400 100
0 2600 800 100
0 2600 850 100
0 2600 900 100
0 2600 950 100
0 2600 1000 100
0 2600 1050 100
0 2700 0 100
0 2700 50 100
0 2700 100 100
0 2700 150 100
0 2700 200 100
0 2700 250 100
0 2700 300 100
0 2700 350 100
0 2700 750 100
0 2700 800 100
0 2700 850 100
0 2700 900 100
0 2700 950 100
0 2700 1000 100
0 2700 1050 100
0 2800 0 100
0 2800 50 100
0 2800 100 100
0 2800 150 100
0 2800 200 100
0 2800 250 100
0 2800 300 100
0 2800 700 100
0 2800 750 100
0 2800 800 100
0 2800 850 100
0 2800 900 100
0 2800 950 100
0 2800 1000 100
0 2800 1050 100
0 2900 0 100
0 2900 50 100
0 2900 100 100
0 2900 150 100
0 2900 200 100
0 2900 250 100
0 2900 650 100
0 2900 700 100
0 2900 750 100
0 2900 800 100
0 2900 850 100
0 2900 900 100
0 2900 950 100
0 2900 1000 100
0 2900 1050 100
0 3000 0 100
0 3000 50 100
0 3000 100 100
0 3000 150 100
0 3000 200 100
0 3000 600 100
0 3000 650 100
0 3000 700 100
0 3000 750 100
0 3000 800 100
0 3000 850 100
0 3000 900 100
0 3000 950 100
0 3000 1000 100
0 3000 1050 100
0 3100 0 100
0 3100 50 100
0 3100 100 100
0 3100 150 100
0 3100 550 100
0 3100 600 100
0 3100 650 100
0 3100 700 100
0 3100 750 100
0 3100 800 100
0 3100 850 100
0 3100 900 100
0 3100 950 100
0 3100 1000 100
0 3100 1050 100
0 3200 0 100
0 3200 50 100
0 3200 100 100
0 3200 500 100
0 3200 550 100
0 3200 600 100
0 3200 650 100
0 3200 700 100
0 3200 750 100
0 3200 800 100
0 3200 850 100
0 3200 900 100
0 3200 950 100
0 3200 1000 100
0 3200 1050 100
0 3300 0 100
0 3300 50 100
0 3300 450 100
0 3300 500 100
0 3300 550 100
0 3300 600 100
0 3300 650 100
0 3300 700 100
0 3300 750 100
0 3300 800 100
0 3300 850 100
0 3300 900 100
0 3300 950 100
0 3300 1000 100
0 3300 1050 100
0 3400 0 100
0 3400 50 100
0 3400 100 100
0 3400 500 100
0 3400 550 100
0 3400 600 100
0 3400 650 100
0 3400 700 100
0 3400 750 100
0 3400 800 100
0 3400 850 100
0 3400 900 100
0 3400 950 100
0 3400 1000 100
0 3400 1050 100
0 3500 0 100
0 3500 50 100
0 3500 100 100
0 3500 150 100
0 3500 550 100
0 3500 600 100
0 3500 650 100
0 3500 700 100
0 3500 750 100
0 3500 800 100
0 3500 850 100
0 3500 900 100
0 3500 950 100
0 3500 1000 100
0 3500 1050 100
0 3600 0 100
0 3600 50 100
0 3600 100 100
0 3600 150 100
0 3600 200 100
0 3600 600 100
0 3600 650 100
0 3600 700 100
0 3600 750 100
0 3600 800 100
0 3600 850 100
0 3600 900 100
0 3600 950 100
0 3600 1000 100
0 3600 1050 100
0 3700 0 100
0 3700 50 100
0 3700 100 100
0 3700 150 100
0 3700 200 100
0 3700 250 100
0 3700 650 100
0 3700 700 100
0 3700 750 100
0 3700 800 100
0 3700 850 100
0 3700 900 100
0 3700 950 100
0 3700 1000 100
0 3700 1050 100
0 3800 0 100
0 3800 50 100
0 3800 100 100
0 3800 150 100
0 3800 200 100
0 3800 250 100
0 3800 300 100
0 3800 700 100
0 3800 750 100
0 3800 800 100
0 3800 850 100
0 3800 900 100
0 3800 950 100
0 3800 1000 100
0 3800 1050 100
5 4300 500 5
0 4300 700 500