0 900 0 100
0 900 50 100
0 900 100 100
0 900 150 100
0 900 200 100
0 900 250 100
0 900 300 100
0 900 800 100
0 900 850 100
0 900 900 100
0 900 950 100
0 900 1000 100
0 900 1050 100
0 1400 0 100
0 1400 50 100
0 1400 100 100
0 1400 150 100
0 1400 200 100
0 1400 250 100
0 1400 300 100
0 1400 350 100
0 1400 850 100
0 1400 900 100
0 1400 950 100
0 1400 1000 100
0 1400 1050 100
0 1900 0 100
0 1900 50 100
0 1900 100 100
0 1900 150 100
0 1900 200 100
0 1900 250 100
0 1900 300 100
0 1900 800 100
0 1900 850 100
0 1900 900 100
0 1900 950 100
0 1900 1000 100
0 1900 1050 100
0 2400 0 100
0 2400 50 100
0 2400 100 100
0 2400 150 100
0 2400 200 100
0 2400 250 100
0 2400 750 100
0 2400 800 100
0 2400 850 100
0 2400 900 100
0 2400 950 100
0 2400 1000 100
0 2400 1050 100
0 2900 0 100
0 2900 50 100
0 2900 100 100
0 2900 150 100
0 2900 200 100
0 2900 250 100
0 2900 300 100
0 2900 800 100
0 2900 850 100
0 2900 900 100
0 2900 950 100
0 2900 1000 100
0 2900 1050 100
0 3400 0 100
0 3400 50 100
0 3400 100 100
0 3400 150 100
0 3400 200 100
0 3400 250 100
0 3400 300 100
0 3400 350 100
0 3400 850 100
0 3400 900 100
0 3400 950 100
0 3400 1000 100
0 3400 1050 100
0 3900 0 100
0 3900 50 100
0 3900 100 100
0 3900 150 100
0 3900 200 100
0 3900 250 100
0 3900 300 100
0 3900 800 100
0 3900 850 100
0 3900 900 100
0 3900 950 100
0 3900 1000 100
0 3900 1050 100
5 4300 500 0
0 4300 700 500