0 900 0 100
0 900 50 100
0 900 100 100
0 900 150 100
0 900 200 100
0 900 250 100
0 900 300 100
0 900 350 100
0 900 650 100
0 900 700 100
0 900 750 100
0 900 800 100
0 900 850 100
0 900 900 100
0 900 950 100
0 900 1000 100
0 900 1050 100
0 1400 0 100
0 1400 50 100
0 1400 100 100
0 1400 150 100
0 1400 200 100
0 1400 500 100
0 1400 550 100
0 1400 600 100
0 1400 650 100
0 1400 700 100
0 1400 750 100
0 1400 800 100
0 1400 850 100
0 1400 900 100
0 1400 950 100
0 1400 1000 100
0 1400 1050 100
0 1900 0 100
0 1900 50 100
0 1900 100 100
0 1900 150 100
0 1900 200 100
0 1900 250 100
0 1900 300 100
0 1900 350 100
0 1900 650 100
0 1900 700 100
0 1900 750 100
0 1900 800 100
0 1900 850 100
0 1900 900 100
0 1900 950 100
0 1900 1000 100
0 1900 1050 100
0 2400 0 100
0 2400 50 100
0 2400 100 100
0 2400 150 100
0 2400 450 100
0 2400 500 100
0 2400 550 100
0 2400 600 100
0 2400 650 100
0 2400 700 100
0 2400 750 100
0 2400 800 100
0 2400 850 100
0 2400 900 100
0 2400 950 100
0 2400 1000 100
0 2400 1050 100
0 2900 0 100
0 2900 50 100
0 2900 100 100
0 2900 400 100
0 2900 450 100
0 2900 500 100
0 2900 550 100
0 2900 600 100
0 2900 650 100
0 2900 700 100
0 2900 750 100
0 2900 800 100
0 2900 850 100
0 2900 900 100
0 2900 950 100
0 2900 1000 100
0 2900 1050 100
0 3400 0 100
0 3400 50 100
0 3400 100 100
0 3400 400 100
0 3400 450 100
0 3400 500 100
0 3400 550 100
0 3400 600 100
0 3400 650 100
0 3400 700 100
0 3400 750 100
0 3400 800 100
0 3400 850 100
0 3400 900 100
0 3400 950 100
0 3400 1000 100
0 3400 1050 100
0 3900 0 100
0 3900 50 100
0 3900 100 100
0 3900 150 100
0 3900 200 100
0 3900 250 100
0 3900 300 100
0 3900 350 100
0 3900 400 100
0 3900 700 100
0 3900 750 100
0 3900 800 100
0 3900 850 100
0 3900 900 100
0 3900 950 100
0 3900 1000 100
0 3900 1050 100