0 0 800 500
3 500 650 0
0 550 250 300
0 900 250 400
2 1050 300 0
2 1100 300 0
0 1400 350 200
0 1650 250 250
0 1950 350 150
0 2150 450 250
0 2450 350 250
0 2600 800 1100
1 2600 800 0
2 2600 400 0
1 2650 800 0
0 2700 450 250
1 2700 800 0
1 2750 800 0
1 2800 800 0
1 2850 800 0
1 2900 800 0
1 2950 800 0
0 3000 550 200
1 3000 800 0
1 3050 800 0
1 3100 800 0
1 3150 800 0
1 3200 800 0
0 3250 450 250
1 3250 800 0
1 3300 800 0
1 3350 800 0
2 3400 500 0
1 3400 800 0
1 3450 800 0
1 3500 800 0
0 3550 350 200
1 3550 800 0
1 3600 800 0
1 3650 800 0
0 3850 450 250
0 4150 350 250
2 4300 400 0
0 4550 350 450
